127.0.0.1:8080 127.0.0.1:8082 Prepare 71 127.0.0.1:8080:955
127.0.0.1:8080 127.0.0.1:8083 Prepare 71 127.0.0.1:8080:955
127.0.0.1:8080 127.0.0.1:8081 Prepare 71 127.0.0.1:8080:955
127.0.0.1:8083 127.0.0.1:8080 Promise 71 127.0.0.1:8080:955 127.0.0.1:8080:955 None None True
127.0.0.1:8081 127.0.0.1:8080 Promise 71 127.0.0.1:8080:955 127.0.0.1:8080:955 None None True
127.0.0.1:8080 127.0.0.1:8081 Decide 71 127.0.0.1:8080:955 proposed-value
127.0.0.1:8080 127.0.0.1:8082 Decide 71 127.0.0.1:8080:955 proposed-value
127.0.0.1:8080 127.0.0.1:8083 Decide 71 127.0.0.1:8080:955 proposed-value
127.0.0.1:8082 127.0.0.1:8080 Promise 71 127.0.0.1:8080:955 127.0.0.1:8080:955 None None True
127.0.0.1:8081 127.0.0.1:8080 DecideRes 71 127.0.0.1:8080:955 127.0.0.1:8080:955 True
127.0.0.1:8082 127.0.0.1:8080 DecideRes 71 127.0.0.1:8080:955 127.0.0.1:8080:955 True
127.0.0.1:8083 127.0.0.1:8080 DecideRes 71 127.0.0.1:8080:955 127.0.0.1:8080:955 True
