127.0.0.1:8080 127.0.0.1:8083 Prepare 245 127.0.0.1:8080:472
127.0.0.1:8080 127.0.0.1:8081 Prepare 245 127.0.0.1:8080:472
127.0.0.1:8080 127.0.0.1:8082 Prepare 245 127.0.0.1:8080:472
127.0.0.1:8082 127.0.0.1:8080 Promise 245 127.0.0.1:8080:472 127.0.0.1:8080:472 None None True
127.0.0.1:8081 127.0.0.1:8080 Promise 245 127.0.0.1:8080:472 127.0.0.1:8080:472 None None True
127.0.0.1:8083 127.0.0.1:8080 Promise 245 127.0.0.1:8080:472 127.0.0.1:8080:472 None None True
127.0.0.1:8080 127.0.0.1:8082 Decide 245 127.0.0.1:8080:472 proposed-value
127.0.0.1:8080 127.0.0.1:8081 Decide 245 127.0.0.1:8080:472 proposed-value
127.0.0.1:8080 127.0.0.1:8083 Decide 245 127.0.0.1:8080:472 proposed-value
127.0.0.1:8083 127.0.0.1:8080 DecideRes 245 127.0.0.1:8080:472 127.0.0.1:8080:472 True
127.0.0.1:8081 127.0.0.1:8080 DecideRes 245 127.0.0.1:8080:472 127.0.0.1:8080:472 True
127.0.0.1:8082 127.0.0.1:8080 DecideRes 245 127.0.0.1:8080:472 127.0.0.1:8080:472 True
