127.0.0.1:8080 127.0.0.1:8081 Prepare 493 127.0.0.1:8080:740
127.0.0.1:8080 127.0.0.1:8082 Prepare 493 127.0.0.1:8080:740
127.0.0.1:8080 127.0.0.1:8083 Prepare 493 127.0.0.1:8080:740
127.0.0.1:8081 127.0.0.1:8080 Promise 493 127.0.0.1:8080:740 127.0.0.1:8080:740 None None True
127.0.0.1:8082 127.0.0.1:8080 Promise 493 127.0.0.1:8080:740 127.0.0.1:8080:740 None None True
127.0.0.1:8080 127.0.0.1:8083 Decide 493 127.0.0.1:8080:740 proposed-value
127.0.0.1:8080 127.0.0.1:8082 Decide 493 127.0.0.1:8080:740 proposed-value
127.0.0.1:8080 127.0.0.1:8081 Decide 493 127.0.0.1:8080:740 proposed-value
127.0.0.1:8081 127.0.0.1:8080 DecideRes 493 127.0.0.1:8080:740 127.0.0.1:8080:740 True
127.0.0.1:8082 127.0.0.1:8080 DecideRes 493 127.0.0.1:8080:740 127.0.0.1:8080:740 True
127.0.0.1:8083 127.0.0.1:8080 Promise 493 127.0.0.1:8080:740 127.0.0.1:8080:740 None None True
127.0.0.1:8083 127.0.0.1:8080 DecideRes 493 127.0.0.1:8080:740 127.0.0.1:8080:740 True
