127.0.0.1:8080 127.0.0.1:8083 Prepare 251 127.0.0.1:8080:933
127.0.0.1:8080 127.0.0.1:8082 Prepare 251 127.0.0.1:8080:933
127.0.0.1:8080 127.0.0.1:8081 Prepare 251 127.0.0.1:8080:933
127.0.0.1:8082 127.0.0.1:8080 Promise 251 127.0.0.1:8080:933 127.0.0.1:8080:933 None None True
127.0.0.1:8083 127.0.0.1:8080 Promise 251 127.0.0.1:8080:933 127.0.0.1:8080:933 None None True
127.0.0.1:8080 127.0.0.1:8083 Decide 251 127.0.0.1:8080:933 proposed-value
127.0.0.1:8080 127.0.0.1:8081 Decide 251 127.0.0.1:8080:933 proposed-value
127.0.0.1:8080 127.0.0.1:8082 Decide 251 127.0.0.1:8080:933 proposed-value
127.0.0.1:8081 127.0.0.1:8080 Promise 251 127.0.0.1:8080:933 127.0.0.1:8080:933 None None True
127.0.0.1:8082 127.0.0.1:8080 DecideRes 251 127.0.0.1:8080:933 127.0.0.1:8080:933 True
127.0.0.1:8081 127.0.0.1:8080 DecideRes 251 127.0.0.1:8080:933 127.0.0.1:8080:933 True
127.0.0.1:8083 127.0.0.1:8080 DecideRes 251 127.0.0.1:8080:933 127.0.0.1:8080:933 True
